153990,267.702,1756.18,0,0
127083,139.285,2951.33,0,0
252304,326.393,4036.41,0,0
119297,74.9814,3486.76,0,0
203369,98.079,2258,0,0
98168.7,64.9746,1229.08,0,0
86369.2,93.0829,1964.72,0,0
133321,372.567,1599.64,0,0
116402,207.652,1024.64,0,0
169821,49.7643,2523.76,0,0
58788.8,77.4553,1989.56,0,0
67809.3,195.528,1596.54,0,0
52721.9,198.583,1279.08,0,0
179544,84.1181,1127.66,0,0
32561.5,12.1729,801.216,0,0
64967.5,99.1755,2719.89,0,0
322952,210.564,10759.6,1,1
111440,545.411,3974.03,-1,1
53425,228.035,3202.98,0,0
73330.3,81.6739,2028.11,0,0
99897.7,99.0783,4473.83,0,0
85713.1,110.983,2127.47,0,0
146090,258.611,3875.58,0,0
68530.4,183.622,2781.65,0,0
168198,49.3523,2681.52,12,1
26228.2,142.664,3836.51,0,0
104305,128.893,1608,0,0
45661.6,200.273,3738.89,0,0
191497,90.7842,1115.89,0,0
5117.24,185.101,1281.16,0,0
235890,136.132,1648.43,16,1
128311,184.671,3296.93,0,1
391373,149.912,1763.85,4,1
122395,167.31,1944.85,-1,1
170634,152.068,5812.18,0,1
208554,98.3861,3999.33,7,1
137051,141.477,1673.16,0,0
77724.1,112.493,1276.57,0,0
25205.2,63.61,754.176,0,0
130422,616.62,4258.03,0,0
83521.6,109.168,1806.92,0,0
69572.1,103.473,4021.17,0,0
119484,201.758,1114.52,0,0
43056.6,214.386,909.907,0,0
43259.7,153.24,1628.65,0,0
57045.1,123.124,2089.45,0,0
41416.8,293.824,2155.62,0,0
51255.6,129.572,1841.11,0,0
300698,333.94,4301.87,0,0
62789.9,64.6105,2291.37,0,0
82980.5,224.102,2215.73,1,1
195385,191.756,2012.11,0,0
135331,192.226,1001.18,0,0
140431,192.944,20213.6,0,0
68130.9,138.854,2856.51,0,0
106754,155.926,724.612,0,0
97313,77.2636,1907.53,0,0
31264.4,43.6744,5446.36,0,0
658986,61.0014,2650.66,0,0
1861.19,423.251,3825.24,0,0
18066.1,36.6839,933.86,0,0
156192,78.9803,1590.44,0,0
168556,488.837,3678.43,-1,1
52525.5,66.8905,3433.09,0,0
127093,111.997,1767.02,0,0
92185.5,217.671,1645.04,0,0
16445.9,77.4418,2522.24,0,0
138097,399.94,2808.68,0,0
77603.4,164.091,2202.33,0,0
119611,101.309,3734.45,0,0
89587.2,82.4747,4338.9,1,1
157465,276.962,5015.68,12,1
54898.7,203.505,3740.49,0,0
19970.6,132.093,2949.27,0,0
146967,151.839,2903.28,4,1
133613,188.118,2753.99,0,0
88364.6,65.5452,4504.44,0,0
48762.7,86.9964,2245.64,0,0
84188.1,123.859,3483.58,0,0
308680,61.5497,2660.49,0,0
104344,139.697,1210.88,0,0
123851,97.9989,1992.4,0,0
64539.3,48.2323,3044.85,0,0
927334,161.327,1787.08,3,1
73173.6,175.609,2325.13,-1,1
109369,282.03,2377.59,0,0
422230,170.728,3028.03,-1,1
41811.1,199.034,1470.67,0,0
99935.1,372.281,2425.67,0,0
22722.7,44.405,3219.05,0,0
122041,308.632,3683.35,0,0
247548,120.847,1465.78,0,0
43451.7,95.5175,1460.02,0,0
59167.3,82.4404,1181.19,0,0
39058.5,105.386,1188.97,0,0
391279,90.1556,3440.1,1,1
120188,199.705,5944.61,6,1
329348,169.016,3088.8,13,1
87789.6,359.7,1890.07,10,1
60574.4,203.2,1213.81,0,0
95594.7,135.037,1746.9,-1,1
64025.7,165.904,2501.08,0,0
49681.2,175.424,1689.68,0,0
184634,115.292,1571.15,0,0
79234.7,141.639,3614.3,0,0
166648,41.3637,1619.23,0,0
90848.3,162.473,1073.35,0,0
55685.1,38.67,2838.53,0,0
140958,36.3309,1860.16,0,0
41134.4,51.6972,1164.73,0,0
23941.2,76.7355,798.575,0,0
213981,441.202,29454.6,0,0
202282,138.037,4167.44,2,1
67278.9,145.317,2620.5,-1,1
79909.4,297.749,5980.17,0,0
16778.9,43.8069,3950.8,0,0
476720,64.2611,2493.77,0,0
59969,56.9169,2310.18,0,0
263971,42.3958,2819.12,0,0
29908.9,116.652,1497.12,0,0
151381,81.7057,3360.1,0,0
389576,314.481,2636.48,0,0
14541.5,66.2353,831.529,0,0
267387,79.7828,1585.48,0,0
94979,158.961,2753.97,16,1
334587,157.939,3557.8,10,1
137487,578.741,4251.79,0,0
111972,143.556,1642.15,15,1
163615,30.2877,810.922,0,0
63087.2,76.6104,3098.72,0,0
105635,80.1237,1406.1,0,0
74752.7,343.325,3010.05,-1,1
21402.1,85.3373,1929.33,0,0
67420.2,261.855,2354.39,0,0
216916,361.31,1960.21,-1,1
103341,455.142,4437.3,0,0
309605,50.6041,1701.2,0,0
68853,120.067,1056.24,0,0
94330.1,120.023,3237.01,0,0
25059.7,2.22913,1429.35,0,0
134059,67.0057,1014.37,0,0
81979.5,35.7245,3208.75,0,0
93098.2,157.594,4305.49,0,0
90624.8,183.308,3303.86,0,0
46320.6,137.721,1797.89,-1,1
83922.6,98.4365,1565.77,0,0
346844,252.222,4455.8,0,0
128575,93.0481,2546.54,0,0
64769.7,126.542,2207.58,0,0
87242.6,72.0078,2368.98,0,0
44553.6,276.08,1466.94,0,0
128550,269.481,1966.21,12,1
1.61274e+06,33.9401,1321.21,0,0
677229,287.087,3024.17,19,1
203807,40.5122,2201.92,0,0
287962,125.542,4044.29,0,0
284576,314.854,3995.49,0,0
88408,65.9353,3072.85,0,0
99889.3,45.8738,2157.08,0,0
62025.7,158.169,1807.99,0,0
161215,371.668,1334.04,0,0
84985,120.911,1271.95,0,0
91859.5,285.198,2322.6,0,0
42383.5,75.1229,924.998,0,0
229846,134.224,2012.3,11,1
238485,112.047,4111.93,0,0
288951,69.8334,2568.75,0,0
202947,192.74,4405.18,0,0
85256.6,104.661,1660.61,1,1
382452,238.503,6130.63,0,0
94239.7,71.5095,3375.14,0,0
87051.7,87.8461,3935.33,0,0
297677,8.25278,2212.51,0,0
26199.1,53.1086,2154.99,0,0
258824,211.552,6151.04,0,0
167526,168.629,2620.95,0,0
93514,189.21,2137.18,0,0
45350.1,82.9087,1648.88,8,1
222633,94.551,2536.86,0,0
126587,185.348,3638.76,15,1
279391,138.46,15652.2,-1,1
59764.5,159.966,3948.76,0,0
107145,164.024,1578.68,-1,1
134433,367.452,3888.04,2,1
206104,271.836,2210.38,0,0
100382,90.7238,1653.84,0,0
119525,93.9648,2276.8,0,0
95311.9,158.044,769.866,10,1
210299,155.079,5484.5,0,0
246027,91.9864,2308.49,0,0
98365,144.805,923.596,0,0
115811,235.884,2150.29,0,0
458288,75.5961,3620.12,0,0
84639.5,183.531,2734.03,0,0
304843,199.602,3158.51,0,0
204017,143.591,1081.77,14,1
203518,194.181,1993.18,13,1
73614.4,77.8538,2120.79,0,0
1666.35,122.852,1404.54,0,0
66742.7,189.119,1460.05,0,0
135984,178.16,3679.75,-1,1
182093,186.136,1742.72,11,1
20773.5,100.368,1636.78,0,0
92806.4,75.8159,1316.15,0,0
225556,261.103,3467.02,19,1
137410,142.981,2970.51,0,0
171663,127.425,2938.45,0,0
132707,97.8498,1870.04,0,0
59349.9,31.6517,1673.25,0,0
13893.5,130.137,1607.63,0,0
146840,147.401,2354.99,0,0
100531,83.1329,1609,0,0
38184,66.7299,3516.12,0,0
309827,125.916,4074.06,11,1
68406.6,69.3325,1566.73,0,0
192144,132.521,1535.96,0,0
129024,249.898,2874.88,0,1
38679.7,93.8516,2001.35,0,0
62652.6,207.402,2166.62,0,0
153943,96.8913,3273.42,0,0
238201,91.2227,2507.11,0,0
80355.4,73.3641,2407.29,0,0
219205,161.31,2012.87,16,1
411593,137.704,3536.72,16,1
115962,218.673,2073.98,-1,1
108844,82.1005,2529.01,0,0
52056.6,144.679,1490.92,0,0
151677,68.7747,3436.28,0,0
61973.4,144.473,787.735,0,0
187676,49.3647,3597.17,0,0
120986,119.758,2632.62,0,0
51417.8,215.21,1394.89,0,0
203203,111.917,1933.16,0,0
387578,179.857,3012.02,18,1
217219,59.4661,1634.91,0,0
51271.9,111.404,2063,0,0
51169.5,95.929,1324.77,0,0
49133.1,150.863,4852.68,0,0
185700,186.588,2478.18,0,0
139552,155.517,2398,11,1
83080.1,3.67833,3721.43,0,0
53258.9,130.173,1153.23,0,0
41302.8,45.5249,1688.64,0,0
236207,208.91,3088.49,0,0
43091.8,11.3078,1230.96,0,0
246088,117.175,2287.71,0,0
265645,124.427,2230.94,0,0
173393,91.6492,5811.8,0,0
105875,242.58,1920.73,0,0
470709,33.1687,1076.78,0,0
151084,35.0144,3734.54,0,0
518094,165.102,1987,0,0
608817,67.5355,1745.18,0,0
346186,259.086,2992.51,0,0
150213,238.04,2356.19,0,1
116192,243.738,1157.69,0,0
99966.2,1.22875,2408.55,0,0
311968,80.5784,3819.43,0,0
52954.6,119.657,2516.18,0,0
49048.4,77.2553,1892.35,0,0
81046.6,84.6042,878.697,0,0
123993,143.321,2779.4,8,1
239520,128.975,6921.18,15,1
34925,47.4974,2759.03,0,0
27676.5,33.6033,1144.16,0,0
67378.6,91.6539,1234.46,0,0
476734,112.572,1448.65,0,0
2727.89,109.487,4539.21,0,0
45480.1,175.426,1598.17,0,0
71523.8,48.3242,804.985,0,0
83612.5,100.439,1733.87,0,0
34444.8,207.878,1462.96,0,0
53039,186.493,1816.86,0,0
1792.7,147.907,1576.88,0,0
86713.3,128.973,2470.54,0,0
42365.7,169.733,1722.32,0,0
17124,264.863,1741.23,0,0
65611,108.804,5453.47,0,0
76435.6,233.887,2419.68,0,0
18504.4,78.5752,966.854,0,0
74307.7,50.7738,2219.05,0,0
272682,646.348,37538.4,0,0
88360.1,94.957,2067.9,1,1
206696,408.388,8345.47,-1,1
328940,63.8675,3112.89,0,0
195592,409.595,4860.09,0,0
15830,131.418,1067.61,0,0
85514.8,186.179,1288.87,0,0
209627,192.932,2501.83,0,0
271896,108.273,4564.57,1,1
33091.9,53.1944,1641.65,0,0
112775,364.351,6376.11,13,1
31578.8,229.637,1306.61,0,0
38811.2,150.075,657.566,0,0
52673.9,71.49,6732.61,0,0
27451.5,228.61,2199.86,0,0
131797,235.351,1731.49,0,0
107606,130.477,1790.97,0,0
253667,92.8274,4297.34,-1,1
674040,86.4622,1679.64,12,1
243379,170.645,3349.08,0,0
91277.1,175.059,4028.99,2,1
44236,108.952,1252.38,0,0
40103.5,86.832,2241.07,0,0
61264.9,180.808,1771.75,0,0
54548.6,58.8928,1113.35,0,0
43742.5,79.4417,926.755,0,0
115525,54.0686,3918.54,0,0
49460.6,131.374,1679.59,0,0
256789,187.382,3072.63,0,0
155877,127.345,2180.52,0,0
212614,160.034,3140.91,-1,1
163331,86.1808,2700.17,0,0
838146,103.818,4281.52,7,1
62060.9,161.173,1051.45,0,0
1.21597e+06,102.197,4240.28,4,1
10661.4,35.111,1075.45,0,0
119846,248.257,2624.19,0,0
411422,134.675,2913.67,1,1
336.102,129.655,1928.09,0,0
184846,139.129,4735.91,18,1
95252.3,251.131,2066.7,0,0
266764,193.149,6908.08,0,0
49788.6,353.207,6031.88,0,0
119644,56.3488,2783.24,2,1
17502.3,79.2783,800.521,0,0
214998,163.691,2456.36,0,0
34933.1,123.686,2313.63,-1,1
186184,220.245,13334.8,8,1
83738.6,134.927,6844.87,0,0
861747,728.135,21710.5,0,0
39910,36.9017,935.318,0,0
340332,185.575,2561.49,13,1
161770,286.094,2077.74,0,0
158599,177.978,2914.75,0,0
174785,191.551,2156.91,0,0
355340,156.382,3277.31,13,1
308841,178.16,5074.93,0,1
123369,156.295,4005.57,0,0
30267.8,97.7625,1256.68,0,0
32836.3,120.524,1096.54,0,0
51295.1,155.845,1654.98,0,0
92986.6,301.285,2181.93,0,0
92313.7,68.9268,1645.26,0,0
212973,159.588,3075.25,9,1
9875.14,114.422,1231.79,0,0
155307,265.494,5932.09,0,0
180586,119.976,2599.25,8,1
117704,98.4607,2740.5,0,0
25267,175.422,917.849,0,0
57472.3,167.912,2066.34,0,0
48641,106.509,1984.77,0,0
56087.5,364.006,1827.64,0,0
380822,124.754,11840.7,12,1
363667,135.856,2096.22,0,0
252529,101.995,2653.09,0,0
283970,290.375,2242.66,0,0
291525,100.786,1235.58,0,0
61573.9,237.689,2659.35,0,0
222385,310.627,3259.95,0,0
170332,68.615,2006.49,0,0
57661.6,218.02,1553.06,0,0
208255,278.08,3135.2,16,1
133231,306.327,2710.63,0,0
162829,80.947,3120.36,0,0
131039,107.265,3433.8,0,0
191573,171.314,6866.66,0,0
48660.2,203.217,2431.61,0,0
133134,317.371,2829.61,0,0
125026,123.032,2906.73,0,0
82980.8,186.787,1717.32,0,0
40310.8,117.309,1362.94,0,0
99845.3,168.829,2164.4,0,0
32138.1,386.771,2618.97,0,0
167935,240.206,5564.76,0,0
84467.2,169.78,1005.26,0,0
149602,349.542,6437.26,0,0
66785.2,81.4883,3782.14,0,0
166268,425.525,2387.19,18,1
627605,130.55,3730.01,0,0
513998,140.29,2384.8,15,1
59942.6,82.7731,690.433,0,0
149052,110.331,2681.12,0,0
112089,275.901,4050.45,0,0
284310,357.032,4897.18,0,0
36239.8,204.665,1732.81,0,0
336264,348.535,6065.58,0,0
61367.5,103.544,1852.33,0,0
140705,107.58,2420.79,14,1
163700,140.62,2803.9,0,0
79355.3,168.757,1157.86,0,0
78658.6,137.792,2677.26,0,0
25008.5,185.366,658.579,0,0
50881.5,50.5817,886.596,0,0
96411.1,361.569,3957.23,6,1
217075,103.5,2895.36,0,0
73645.7,278.843,2260.81,3,1
226474,262.907,2534.31,0,0
44183.9,188.705,1101.48,0,0
29573.7,263.542,1271.62,0,0
108824,81.0643,3124.41,0,0
135367,111.359,1730.36,0,0
44372.9,147.572,2992.73,0,0
261491,201.96,2602.73,0,0
50122,226.644,1122.1,0,0
49924.6,126.169,1682.07,0,0
121019,305.434,1952.94,7,1
162694,243.429,4113.22,5,1
33751.7,137.607,2740.62,0,0
62500.2,183.498,4945.74,-1,1
192666,228.555,3602.74,0,0
222288,145.848,3617.69,0,0
157211,108.167,2784.83,0,0
196558,78.7228,1590.83,-1,1
195071,191.002,875.526,0,0
19279.7,79.9867,1033.1,0,0
47775.6,117.052,1009.57,0,0
104585,244.1,1789.49,0,0
222925,75.7374,2935.29,0,0
176934,130.914,1913,14,1
57317.2,110.142,1640.01,0,0
171856,231.12,2620.15,0,0
36754,62.702,1068.83,0,0
99272.1,183.013,1043.93,0,0
54946.1,149.254,872.65,0,0
88162.4,252.633,1274.47,0,0
361997,142.439,2366.63,0,0
33142.7,181.447,974.244,0,0
55099.4,153.456,2147.04,0,0
35339.8,154.881,977.687,0,0
57114.7,540.905,3172.24,0,0
109618,163.253,1793.75,0,0
26582.8,131.15,1583.61,0,0
221043,105.767,4228.09,6,1
90724.1,69.7026,2080.06,0,0
80414.9,207.284,6453.59,0,0
33560.4,88.5222,870.615,0,0
560572,293.78,4253.77,0,0
67712.6,61.9529,1426.85,0,0
78019.5,60.7848,683.746,16,1
129714,229.398,1874.7,0,0
22284.9,77.4681,1857.62,0,0
54605,212.317,1092.87,0,0
156808,276.597,4006.67,2,1
28935.8,463.658,1947.24,0,0
30073.8,106.135,2036.52,0,0
27236.2,290.754,4887.44,0,0
90995.6,111.568,2009.86,0,0
31213.5,174.665,3084.64,0,0
65230.3,106.226,2451,0,0
104039,125.143,2537.96,-1,1
161740,34.8852,2837.77,0,0
180408,182.18,2456.13,0,0
597568,605.677,4676.72,0,0
151644,139.882,1538.28,0,0
105699,83.3277,3142.19,0,0
127048,61.0276,1822.54,0,0
472729,232.728,2213.03,11,1
63775.2,217.897,1481.74,0,0
287442,164.637,2957.22,7,1
118954,72.7943,3137.02,0,0
91800.2,219.243,2591.95,0,0
98498,405.996,5442.21,0,0
229790,349.223,5950.27,11,1
114547,80.7302,1520.95,0,0
102734,355.328,4031.82,0,0
444949,111.889,2581.15,-1,1
75267.1,409.998,1454.25,0,0
85808,144.582,1170.76,0,0
83686,106.088,2876.97,-1,1
83688.8,253.201,1694.38,0,0
44270.1,91.64,1349.3,0,0
149285,151.298,2923.01,0,0
33316.6,128.569,918.296,0,0
191855,110.05,2356.48,0,0
268587,356.432,4784.17,0,0
67258.1,74.1793,1853.73,6,1
385269,146.221,3999.82,0,0
81831.2,226.992,1180.62,0,0
175154,184.254,1809.38,0,0
56259.3,86.2314,1504.46,0,0
184749,181.796,5789.41,12,1
126577,199.962,2030.22,0,0
176004,263.408,5666.9,4,1
73672.7,142.862,2130.06,0,0
67821.4,120.332,3026.3,0,0
51638.4,67.0884,2821.19,0,0
163276,113.749,2770.46,0,0
162042,265.538,5151.58,0,0
198973,35.9104,4416.9,15,1
502301,95.1074,1980.53,6,1
98388.5,123.665,3652.9,0,0
236682,97.8092,2929.3,0,0
156488,222.224,4819.2,0,0
184117,40.226,2242.65,0,0
96479,160.966,2689.64,0,0
73064.8,263.429,2802.23,0,0
76931.4,130.002,4730.08,0,0
198343,32.8998,2707.93,0,0
15235.5,378.888,518.666,0,0
171415,43.5458,1224.76,0,0
34995.2,137.694,2688.5,0,0
174155,131.935,3061.85,4,1
65865.9,115.734,4484.99,0,0
75064.2,127.719,1421.99,0,0
238834,132.599,1355.16,0,0
41589.3,167.271,4784.68,0,0
340687,98.5695,12338.9,15,1
94131.2,36.2456,3031.37,0,0
128471,99.1533,2127.75,0,0
72866.4,162.108,1456.52,0,0
88214.2,83.4109,1931.27,0,0
135661,99.0712,2735.55,0,0
190695,45.4892,4326.48,0,0
25569.3,158.637,3172.36,0,0
30050.9,6.65082,539.253,0,0
58906.6,89.0753,1382.41,0,0
178213,93.5543,1081.81,0,0
62578.7,141.011,1069.71,0,0
268354,258.048,1750.45,0,0
25575.1,142.686,786.108,0,0
62854.7,96.7259,4137.56,0,0
174492,268.75,1807.01,0,0
46719.4,35.7893,1764.69,0,0
69681.1,189.103,2955.68,0,0
173778,624.554,2849.06,0,0
93707.1,382.578,4822.37,0,0
93514.5,34.4345,1702.71,0,0
75846.4,65.5004,2477.47,0,0
84232.9,55.5321,1372.92,0,0
680976,70.1763,1545.13,0,0
93519.4,215.595,1346.65,0,0
54170,207.177,1740.38,0,0
447886,222.563,11393.3,0,0
220887,108.368,2652.31,16,1
65943.9,76.7935,1627.21,0,0
178551,144.216,2695.76,0,0
113410,80.8443,3482.95,-1,1
156677,178.523,1780.04,0,0
359583,130.345,3937.6,0,0
147755,235.799,3789.53,0,0
47789.3,198.55,1624.48,0,0
71147.6,88.3,1064.28,0,0
331033,60.6866,2672.5,0,0
172967,311.572,1810.75,0,0
166857,139.49,2704.06,0,0
88344,153.729,2144.86,0,0
124039,309.604,1615.6,5,1
143671,149.009,2863.88,0,0
83594.7,66.1911,3509.93,0,0
36618,83.6694,3091.87,0,0
85841.4,163.782,3952.93,0,0
79633.2,218.912,3315.21,0,0
32540.8,80.6191,1408.2,0,0
161457,166.583,5212.19,5,1
691424,77.5968,3200.59,0,0
211005,206.744,2921.92,0,0
88602.3,179.607,1777.9,-1,1
62305.9,100.262,1370.16,0,0
141339,89.6421,2051.91,0,0
170277,203.671,2240,0,0
900.864,192.733,1986.14,0,0
82984,252.128,1869.56,0,0
4887.79,145.143,4477.49,0,0
30358.6,151.543,3771.04,0,0
341047,200.78,6664.4,13,1
174216,32.1441,1610.01,0,0
327779,334.92,5060.2,0,0
23459,124.059,1384.31,0,0
132450,38.7432,1857.71,0,0
101979,208.57,1138.14,0,0
178567,193.251,5268.2,0,0
112229,73.3891,1706.04,0,0
64898.8,378.068,1582.27,0,0
173135,230.989,2483.59,0,1
67280.9,81.3626,1974.67,0,0
101654,121.769,1591.34,0,0
374096,133.712,2026.21,0,1
210551,142.176,2228.28,6,1
565648,145.204,4230.82,0,0
4411.32,31.8463,2811.82,0,0
181153,103.927,5469.81,9,1
70747.2,122.081,1903.79,3,1
60866.3,236.202,1152.18,0,0
104160,96.5835,1754.34,4,1
155008,598.896,5113.57,-1,1
139134,115.398,4090.17,0,0
208671,25.2393,3707.08,0,0
44287.2,135.969,1088.84,0,0
486878,264.413,3702.89,3,1
807.531,445.897,4042.32,0,0
118057,156.179,3267.14,0,0
34059.7,70.8935,3578.4,0,0
212751,48.7859,2254.16,0,0
44631.7,271.417,2547.03,0,0
175995,150.937,2700.55,0,0
71093.9,90.9099,1245.46,0,0
126477,77.872,3284.95,11,1
119582,147.157,1386.01,0,0
20059,130.599,1055.94,0,0
303081,135.222,2217.99,15,1
69265.2,124.167,1261.97,0,0
63391.1,62.5088,3492.36,0,0
56671.3,114.776,2938.55,-1,1
115525,84.1358,3527.33,0,0
205421,138.359,4191.07,5,1
9744.83,85.241,1152.01,0,0
86328.3,257.592,1677.46,-1,1
98851.4,158.005,1102.55,0,0
326438,213.2,1827.86,0,0
342445,158.106,593.834,0,0
109697,101.343,3889.32,0,0
66778.9,90.7174,4796.73,0,0
227922,262.026,5305.64,0,0
199335,409.654,3178.97,0,0
179174,182.824,3523.21,0,0
110922,193.274,3407.5,0,0
62841.3,196.753,881.817,0,0
172797,177.929,2556.5,0,0
116612,83.3573,3449.16,0,0
75208.7,73.3902,2664.75,0,0
1.08639e+06,266.488,2137.07,-1,1
218629,165.786,1762.89,5,1
107565,206.491,2434.33,0,0
217057,101.259,2906.66,0,0
149082,12.6028,1246.66,0,0
87897.6,149.584,4087.53,0,0
338605,103.891,10349.6,0,0
431283,111.937,2425.11,-1,1
398078,63.1225,3359.43,0,0
175996,79.9499,1539.25,0,0
171812,80.156,1866.77,0,0
243050,85.9964,1102.78,-1,1
60126.9,102.238,1539.83,0,0
127919,313.383,2131.34,0,0
39280.1,144.614,1488.64,0,0
108778,117.097,1785.36,-1,1
197686,202.016,1834.25,0,0
182886,70.2213,2835.18,0,0
63364.1,144.625,2599.56,0,0
228277,147.623,2920.83,0,0
154439,150.892,873.465,0,0
263496,313.394,5858.46,-1,1
47959.9,111.655,1067.24,0,0
23423.6,82.7061,2924.86,0,0
157805,345.668,4367.44,-1,1
179540,155.157,1110.52,0,0
186352,123.834,2949.01,9,1
150347,136.728,5236.38,-1,1
131429,235.859,3569.48,-1,1
41272.1,472.448,2326.72,0,0
67661.4,72.9483,2960.83,5,1
132423,112.288,1648.4,0,0
39282,134.517,1922.02,0,0
69432.5,101.385,1069.18,0,0
622661,84.9895,4073.46,3,1
47606.6,166.774,1487.09,0,0
102340,195.118,3758.56,0,1
194556,309.072,2702.15,0,0
70024,238.524,4792.16,0,0
65680.8,47.9375,2245.79,0,0
449848,401.013,5673.65,0,0
237381,418.671,3029.89,3,1
84561.6,81.5948,2757.83,0,0
276691,131.62,3037.06,0,0
225147,55.2759,980.181,-1,1
68162.2,110.814,2372.73,0,0
118875,302.1,1416.93,0,0
102582,130.19,2804.96,0,0
187088,379.55,6463.04,10,1
60654.3,157.071,998.463,0,0
27293.8,79.1536,662.251,0,0
17585.6,117.716,1644.55,0,0
392891,60.4817,2980.13,-1,1
69902.9,149.773,1767.36,0,0
47909.8,37.2568,1163.34,0,0
89938.4,203.85,2774.2,0,0
118744,229.97,1893.58,0,0
100565,120.79,583.254,0,0
54073,345.994,2472.74,0,0
151593,119.873,742.485,0,0
135650,129.278,1032.61,9,1
169977,216.417,1965.82,0,0
133415,76.3143,2716.96,0,0
53728.1,49.7944,713.46,0,0
276530,145.919,4354.61,0,0
44771.1,389.905,1531.71,0,0
170456,109.171,2957.08,-1,1
86634.6,88.0708,2663.82,0,0
41449.8,87.7369,1352.27,0,0
38604,93.0107,3037.01,0,0
223456,455.081,4948.41,2,1
316186,176.6,3369,0,0
66339.4,216.4,2257.39,0,0
3211.27,91.947,1299.89,0,0
91603.1,148.375,2741.1,-1,1
109646,134.248,1666.73,0,0
91843.3,62.6684,1975.4,0,0
165117,366.183,4016.35,0,0
281602,34.7311,2662.05,0,0
163799,304.712,1893.6,0,0
36242.1,336.45,941.397,0,0
31296.9,96.5556,307.278,0,0
101587,241.796,2362.81,0,0
129605,126.029,804.42,3,1
100689,93.6006,2109.95,0,0
122859,400.856,1406.68,0,0
68087.6,183.711,557.57,0,0
32606.8,103.745,658.397,0,0
205132,74.1447,1940.75,0,0
661564,125.794,5123.56,0,0
427176,549.675,6718.81,19,1
111760,150.884,3402.86,-1,1
157071,84.9989,2379.22,0,0
267438,192.802,4863.64,1,1
87659.8,110.548,595.013,0,0
75265.7,285.66,1608.12,0,0
22201.1,94.5403,1000.68,0,0
132402,70.1135,2992.61,0,0
92146.9,19.0418,615.988,0,0
274176,176.263,2887.54,0,0
37989,71.2297,2825.44,0,0
57535.2,139.703,1409.15,0,0
92523.4,192.364,1801.32,0,0
69190.4,264.338,1300.86,0,0
257159,233.777,2443.4,0,0
169762,213.362,3410.38,0,0
14128.3,132.692,2410.6,0,0
24700.6,38.6037,430.627,0,0
70972.4,96.5156,3414.39,0,0
308190,176.071,3672.75,0,0
43563.2,92.2553,1198.97,0,0
134488,97.3733,2355.4,-1,1
56884.4,212.535,1395.99,0,0
66339.1,157.444,2826.44,0,0
4826.29,138.626,1925.61,0,0
203853,44.0149,2309.63,0,0
257837,224.619,2681.08,-1,1
462980,116.46,2582.77,14,1
47014.4,70.2182,946.433,0,0
62795,168.648,5096.51,0,0
81567.3,52.0725,1007.5,0,0
41668.1,64.6787,929.784,0,0
265495,108.044,2161.66,15,1
76582.3,80.1108,1577.59,0,0
144167,505.416,3729.81,0,0
4613.52,146.864,2346.02,0,0
33264.3,51.6747,702.63,0,0
63272.6,163.199,1772.68,0,0
145327,203.742,1851.96,0,0
87803.5,88.6321,1341.23,0,0
1.28204e+06,110.901,4971.59,19,1
131935,150.351,915.684,0,0
83785,606.934,2960.66,1,1
126983,51.6,1230.32,0,0
62987.6,69.8,4178.58,0,0
37503.9,196.831,1015.98,0,0
21561.9,72.3581,3660.54,0,0
71153.3,250.237,1372.82,0,0
112718,110.561,1885.72,0,0
137678,76.3578,1852.28,0,0
41075,115.777,770.075,0,0
44528.1,10.9706,1906.97,0,0
315172,250.235,6176.83,14,1
30021,31.7301,2121.54,0,0
176637,421.722,3883.72,14,1
127056,139.665,2960.71,0,0
256578,281.338,4314.41,-1,1
73405.5,263.901,1370.7,0,0
265857,124.57,3012.11,0,0
413353,70.5548,1512.97,0,0
47349.7,67.4834,558.932,0,0
65327.4,333.464,1556.26,0,0
74954.6,68.0496,1014,0,0
20529.5,76.8868,1761.27,0,0
91441.6,67.5177,2193.15,0,0
53653.5,124.55,1427.23,6,1
93321.2,182.08,2558.01,0,0
180352,130.655,2421.14,12,1
78989.7,247.621,2093.18,0,0
33241.1,257.712,1262.76,0,0
68709.2,218.114,1433.65,0,0
56789.2,119.561,1893.01,0,0
174061,148.111,2219.9,0,0
101296,174.253,4952.97,0,0
180173,254.215,3902.09,0,0
39364.3,148.749,1138.17,0,0
197382,146.211,2156.57,0,0
57576.1,170.521,6430.02,0,0
57577.4,211.69,2145.11,0,0
415691,60.6146,2739.05,0,0
96532.2,42.2343,2979.63,0,0
217628,271.568,4622.32,0,0
147731,121.701,2493.19,0,0
105929,86.6044,3340.48,0,0
74562.1,42.7176,1714.41,0,0
106357,72.2246,2320.8,0,0
718309,503.369,3213.52,0,0
208602,174.163,2649.05,0,0
69928.3,104.334,1054.37,0,0
86637.9,175.86,2147.24,4,1
560795,95.5528,4065.92,0,0
68122.7,291.071,2005.77,0,0
107002,63.7067,1243.52,0,0
96829,151.267,3727.95,0,0
66431.8,0.536988,3725.64,0,0
230577,55.9498,1005.09,-1,1
345364,197.784,1661,0,0
119303,68.4041,1692.43,0,0
44523.9,133.392,791.504,0,0
262883,160.813,3486.11,14,1
238102,138.773,3963.94,0,0
759964,189.41,3295.89,0,0
819523,166.379,1101.68,0,0
335146,173.78,7589.82,7,1
86666.5,43.8577,2153.21,0,0
314813,81.2587,1221.84,0,0
165125,160.32,1577.02,0,0
165707,131.267,2055.92,0,0
93737,71.252,3677.19,0,0
150258,179.223,2467.99,0,0
110729,97.495,2428.04,0,0
121048,172.704,4614.71,0,0
74229.9,822.792,1307.68,0,0
73329.8,132.203,3051.9,0,0
77096.4,180.987,1326.59,0,0
54729.7,224.464,1675.95,0,0
87850.9,105.863,1468.14,12,1
92933.3,111.839,3158.77,0,0
21178.3,202.612,1181.24,0,0
83329.4,161.754,936.355,0,0
85387,190.427,1721.23,0,0
220172,92.0135,3979.87,15,1
91273.7,192.008,1347.36,0,0
104674,156.983,2355.78,0,0
119864,70.7371,2637.1,0,0
104176,249.191,1851.38,-1,1
64532,177.356,1396.27,0,0
84637.1,81.8202,4221.16,0,0
92784.9,149.928,1850.59,0,0
242211,208.397,3026.27,0,0
75431.2,92.7344,3315.59,0,0
12564.3,123.159,958.966,0,0
209573,339.204,4797.02,8,1
345616,211.91,2166.52,6,1
107075,139.898,2662.17,0,0
21658.7,60.868,792.719,0,0
52964.5,170.566,1572.36,0,0
23631.6,26.2202,613.959,0,0
157836,135.749,3478.32,14,1
53535.7,192.036,1227.33,0,0
104653,113.242,956.214,0,0
197879,215.881,1099.26,0,0
198596,126.297,2282.52,18,1
70296.6,315.101,2068.21,0,0
74908.3,406.507,1765.98,0,0
82237.6,121.729,1589.35,2,1
89922.9,96.4052,1890.26,0,0
173920,170.012,1976.7,0,0
94325.1,67.0696,2234.09,0,0
264206,146.182,2619.63,0,0
24737.4,21.5872,1202.53,0,0
290966,333.864,3016.79,18,1
65698.4,35.6152,2831.63,0,0
77853.4,65.3695,1202.74,0,0
80023.2,269.969,4548.94,0,0
259037,361.356,1667.95,0,0
274524,112.607,2780.22,-1,1
111173,73.7389,1218.37,0,0
131456,176.945,3818.23,0,0
105878,86.6167,2950.19,12,1
393646,219.955,4158.19,0,0
1.59579e+06,69.6697,2509.57,0,0
260704,87.6877,2172.08,0,0
306383,115.068,2228.08,13,1
137855,484.511,2548.42,1,1
1420.31,208.396,1916.88,0,0
86026.7,167.498,2085.58,0,0
80109.1,72.5189,1276.14,0,0
131012,238.759,3995.33,0,0
193920,230.726,6962.2,0,0
106493,218.913,2784.63,0,0
294290,191.651,3570.92,4,1
51240.7,129.515,1197.77,0,0
61904,167.001,2701.64,0,0
138548,75.1782,5758.05,0,0
86316,139.584,3198.42,0,0
52991,14.4624,1352.19,0,0
162747,57.5474,882.063,0,0
211106,64.7527,2919.62,0,0
45364.1,270.744,2057.66,0,0
100682,88.2623,2107.66,0,0
29766.8,161.736,2388.21,0,0
221957,215.778,4144.61,0,0
174407,96.6546,5795.11,3,1
59906.2,55.7749,820.551,0,0
56848.5,60.0207,1326.49,0,0
75059.1,210.188,1286.18,0,0
36738.3,148.15,1084.04,0,0
46165.7,229.462,1959.88,0,0
91869,127.858,4454.58,0,0
102751,203.75,3074.45,0,0
74210.3,235.85,2786.47,0,0
70625.4,224.479,1798.04,2,1
61912.3,151.818,1808.7,0,0
117944,181.363,1956.85,0,0
127086,43.1509,1550.09,0,0
138346,229.214,1853.71,0,0
49138.6,168.602,2667.47,0,0
61120.1,358.21,1204.97,0,0
24393.8,20.0472,1756.28,0,0
191691,203.433,2866.97,0,0
89713.5,166.431,3211.11,0,0
394008,131.572,4668.93,0,0
122912,203.446,6058.77,0,0
127580,150.918,5077.83,4,1
232430,352.211,2969.68,0,0
79670.9,291.75,1887.52,11,1
45389,49.3815,741.373,0,0
2515.03,71.6467,1972.76,0,0
78531.4,55.3889,3074.87,0,0
37799,184.759,1797.01,0,0
158070,267.673,1855.87,0,0
262648,35.0239,1110.26,0,0
154344,148.291,2243.76,-1,1
36601.7,244.668,1599.67,0,0
229901,142.78,2941.62,12,1
133721,103.096,3521.85,0,0
246936,94.7939,4294.68,0,0
206781,67.6264,2845.76,0,0
102538,261.85,5634.92,0,0
19795.1,174.122,644.589,0,0
61380.5,187.176,794.097,0,0
7594.87,16.7722,341.664,0,0
113874,149.368,4431.37,0,0
58833.1,65.1399,284.515,0,0
72567.1,224.539,1733.67,0,0
490137,149.413,19356.8,19,1
24276.7,30.3111,1444.77,0,0
69750.4,96.4154,1758.35,10,1
164780,162.895,3888.88,0,0
105164,278.021,5787.92,0,0
28251.6,36.3764,720.661,0,0
414149,103.242,5430.2,13,1
111183,57.8312,1596.55,0,0
31223.2,21.7604,1207.76,0,0
125155,102.006,2918.83,0,0
52935.3,233.754,858.713,0,0
136889,198.901,1815.89,0,0
140920,13.6841,802.902,0,0
63756.1,55.0018,4758.91,0,0
156031,87.0105,1583.52,0,0
106966,263.553,1061.03,0,0
121806,124.678,2550.08,0,0
97426.3,291.236,1749.89,0,0
218839,232.133,4143.83,-1,1
183916,184.287,7398.39,0,0
86894.8,240.268,2227.48,0,0
100476,185.741,1555.82,0,0
72961.2,111.992,2935.12,0,0
354275,135.621,5693.96,4,1
161398,98.4598,3598.52,0,0
22504.1,16.2835,508.271,0,0
64536.8,384.547,5614.8,0,0
12907.1,100.273,1032.26,0,0
195185,130.805,3774.95,2,1
68178.1,108.193,962.126,0,0
97364.3,224.762,2014.31,-1,1
178890,134.45,2899.85,17,1
57053.8,213.815,2809.01,0,0
77640.5,289.778,2383.83,0,0
139442,146.775,4291.73,0,0
54276.8,78.8929,1262.84,0,0
480413,274.652,3636.19,0,0
108841,276.214,3754.42,0,0
178593,111.389,3203.08,0,0
120610,164.794,867.577,1,1
87075.9,80.6031,2602,0,0
633226,297.572,3363.86,0,0
78353.9,254.179,7814.51,0,0
314127,157.562,2748.16,0,0
118862,140.223,1778.6,0,0
74188.3,227.782,1840.62,0,0
305329,356.232,1713.7,0,0
90236.6,80.5783,2764.11,0,0
287030,374.469,5356.4,4,1
46397.8,36.4652,1273.28,0,0
31181,35.7203,387.602,0,0
55100.1,105.675,1391.71,0,0
68200.1,106.733,1541.34,0,0
41602.9,162.47,3770.07,0,0
64498.3,205.85,899.263,0,0
72619.3,179.112,1977.36,0,0
121972,0.887895,11430.3,0,0
136207,41.7251,893.966,0,0
239077,152.716,3242.11,7,1
79209.8,236.037,2194.15,0,0
21723,178.583,1337.5,0,0
192818,263.095,3313.24,0,0
22329.2,90.1025,553.305,0,0
